8366889;1676280555;3130312334;
8366889;3130312334;25620759;
8366893;747467609;25620516;
8366893;25620516;25620518;
8366896;25620516;2379077834;
8366896;2379077834;2379077831;
8366896;2379077831;25620692;
8366896;25620692;2378366854;
8366896;2378366854;1386051842;
8367054;25632227;25632231;
8367055;1386063691;2415701442;
8367055;2415701442;2415701440;
8367055;2415701440;2415701439;
8367055;2415701439;1209593469;
8367055;1209593469;2415701443;
8367055;2415701443;1209593455;
8367055;1209593455;2415701444;
8367055;2415701444;25632370;
8367055;25632370;2414401915;
8367055;2414401915;25632230;
8367055;25632230;2914925366;
8367055;2914925366;25632226;
8367055;25632226;25632227;
8367058;25632225;2848372007;
8367058;2848372007;25632226;
8367058;25632226;25632228;
8367068;25632293;5284368117;
8367068;5284368117;1110698247;
8367068;1110698247;1110698297;
8367068;1110698297;1110698276;
8367068;1110698276;4708512449;
8367068;4708512449;1110698268;
8367068;1110698268;4708512450;
8367068;4708512450;4708512441;
8367068;4708512441;4708512442;
8367068;4708512442;1110698273;
8367068;1110698273;2213493593;
8367068;2213493593;2250812461;
8367068;2250812461;2250812531;
8367068;2250812531;1788787056;
8367068;1788787056;4708512446;
8367069;137982795;25632284;
8367069;25632284;2749809980;
8367069;2749809980;25632285;
8367070;25632292;2884840234;
8367070;2884840234;2692624395;
8367070;2692624395;974882842;
8367070;974882842;974882854;
8367070;974882854;25632278;
8367072;25632284;5284385981;
8367072;5284385981;5284385982;
8367073;25632227;1684865551;
8367073;1684865551;5284385974;
8367073;5284385974;5284385973;
8367073;5284385973;25632361;
8367092;1788787039;4685392611;
8367092;4685392611;1788787081;
8367092;1788787081;3148938210;
8367092;3148938210;353286182;
8367092;353286182;2397188711;
8367092;2397188711;1788787223;
8367092;1788787223;2250873416;
8367092;2250873416;129953505;
8367092;129953505;129953504;
8367093;5284368076;475396372;
8367093;475396372;129549662;
8367098;25620570;2914696272;
8367098;2914696272;3130312342;
8367098;3130312342;25632376;
8367104;2912188495;2912188486;
8367104;2912188486;2912188492;
8367104;2912188492;2912188490;
8367104;2912188490;2912188496;
8367104;2912188496;2937870610;
8367104;2937870610;129533454;
8367104;129533454;25632417;
8367104;25632417;3392939485;
8367104;3392939485;2937870609;
8367104;2937870609;3690635855;
8367104;3690635855;25632401;
8367104;25632401;1209790922;
8367104;1209790922;25632402;
8367104;25632402;3392939470;
8367104;3392939470;3694518900;
8367104;3694518900;2366154047;
8367104;2366154047;25632403;
8367104;25632403;2366154016;
8367104;2366154016;2366098060;
8367104;2366098060;25632404;
8367104;25632404;3392939463;
8367104;3392939463;3392939462;
8367104;3392939462;1278184346;
8367114;25632398;2934507844;
8367114;2934507844;2934507846;
8367114;2934507846;2934507845;
8367114;2934507845;2934507843;
8367114;2934507843;3695776123;
8367114;3695776123;3690626645;
8367114;3690626645;25632410;
8367114;25632410;2829209749;
8367114;2829209749;25632411;
8367118;25632463;4488733074;
8367118;4488733074;4077112088;
8367118;4077112088;25632449;
8367143;126647309;126647239;
8367143;126647239;3563651993;
8367143;3563651993;4751728018;
8367143;4751728018;4751728017;
8367143;4751728017;25632444;
8367143;25632444;25632440;
8367143;25632440;25632439;
8367143;25632439;25632438;
8367153;25632450;4488733070;
8367153;4488733070;25632451;
8367153;25632451;5284368056;
8367153;5284368056;25632452;
8367153;25632452;25632453;
8367153;25632453;25632454;
8367154;25632449;4488733072;
8367154;4488733072;25632448;
8367154;25632448;4488733071;
8367154;4488733071;25632447;
8367155;353287405;452518418;
8367155;452518418;5065064565;
8367155;5065064565;126617351;
8367160;25632432;5279422236;
8367160;5279422236;5279422237;
8367160;5279422237;4356494322;
8367160;4356494322;25632423;
13797599;128560448;4573825411;
13797599;4573825411;349907807;
13797599;349907807;4573825412;
13797599;4573825412;4573825413;
13797599;4573825413;4573825414;
13797599;4573825414;128560449;
13797599;128560449;5329555464;
13797599;5329555464;122452427;
13797599;122452427;126617428;
13797599;126617428;4685392624;
13797599;4685392624;4685392623;
13797599;4685392623;137993249;
13797599;137993249;1216789894;
13797599;1216789894;1216789883;
13797599;1216789883;473879871;
13797599;473879871;3897692212;
13797599;3897692212;4749945342;
13797599;4749945342;128560274;
13836129;452682265;2904508475;
13836129;2904508475;2904508476;
13836129;2904508476;2904508477;
13836129;2904508477;3130312330;
13836129;3130312330;25632376;
13836474;501252472;501252465;
13836474;501252465;501252453;
13836474;501252453;501252447;
13836474;501252447;1209790928;
14326572;25632376;2904549010;
14326572;2904549010;2896384685;
14326572;2896384685;958308578;
14326572;958308578;2904532298;
14326572;2904532298;1676280585;
14326572;1676280585;2896384667;
14326572;2896384667;2893310955;
14328446;129555296;4452315911;
14328446;4452315911;4720971830;
14328446;4720971830;25632438;
14328446;25632438;25632432;
14328446;25632432;4356494325;
14328446;4356494325;25632433;
14328446;25632433;3688730541;
14328446;3688730541;25632412;
14328446;25632412;3688730540;
14328446;3688730540;2926953947;
14328446;2926953947;2926953948;
14328446;2926953948;2978059160;
14328446;2978059160;2978059161;
14328446;2978059161;2829209747;
14328446;2829209747;4356494324;
14328446;4356494324;25632409;
14328446;25632409;4529952477;
14328446;4529952477;3695911150;
14328446;3695911150;1278184335;
14329027;137994933;137994581;
14329062;137994655;137994933;
14329062;137994933;4685354796;
14329062;4685354796;137994720;
14329124;128560275;1422610110;
14329124;1422610110;4685392618;
14329124;4685392618;5291538826;
14329124;5291538826;474677934;
25700630;129552045;280197437;
26119759;25632414;25632410;
26119759;25632410;2829209750;
26119759;2829209750;5327096246;
26119759;5327096246;3996636589;
26119759;3996636589;25632409;
27149321;1143317563;1417694651;
27149321;1417694651;297880635;
27149321;297880635;4612022395;
27149321;4612022395;1417694650;
27149321;1417694650;4612022396;
27149321;4612022396;4612022397;
27149321;4612022397;475050311;
30405423;25632372;475052386;
30405423;475052386;5284385975;
30405423;5284385975;25632361;
30405504;335561064;335561055;
30417990;4612052759;428217533;
30417990;428217533;4773391850;
30417990;4773391850;138208399;
30417990;138208399;138208401;
30417990;138208401;5284452292;
30417990;5284452292;5284452293;
30417990;5284452293;3153341344;
30417990;3153341344;5284452294;
30417990;5284452294;5284452295;
30417990;5284452295;5284452296;
30417990;5284452296;5284452297;
30417990;5284452297;129953505;
30912936;25632224;343646801;
31060211;25620518;345295625;
31060211;345295625;2852022741;
31060211;2852022741;2852022761;
31396444;1216789883;4749945340;
31396444;4749945340;349907698;
31396444;349907698;129548929;
31573198;129552048;5284368048;
31573198;5284368048;353287405;
34597437;353287405;3148917487;
34597437;3148917487;5284368049;
34597437;5284368049;501225889;
34597437;501225889;137996370;
34597437;137996370;25632447;
34607492;25620653;4685392600;
34607492;4685392600;4685392598;
34607492;4685392598;1110698280;
34607492;1110698280;2896394657;
34607492;2896394657;4685392597;
34607492;4685392597;452682295;
34607492;452682295;452682297;
34607518;25620653;25620570;
34607518;25620570;1106006327;
34607518;1106006327;2893389981;
34607518;2893389981;25620759;
34607518;25620759;2246086928;
34607518;2246086928;2246054719;
34607518;2246054719;25620737;
34607518;25620737;25620947;
34607518;25620947;3388020773;
34607518;3388020773;3388020769;
34607518;3388020769;25620960;
34607524;4708512440;1110698299;
34607524;1110698299;4708512451;
34607524;4708512451;1110698273;
34613951;138197779;5284320512;
34613951;5284320512;5310412084;
34613951;5310412084;138198392;
34613951;138198392;5284320510;
34613951;5284320510;5284320511;
34613951;5284320511;452518414;
34613951;452518414;138198390;
34613951;138198390;5310412085;
34613951;5310412085;452518418;
34627575;137982073;1419645378;
34627575;1419645378;5494270496;
34627575;5494270496;137982795;
34653072;1788787124;501252472;
34653072;501252472;280197437;
34653072;280197437;1788787593;
34653072;1788787593;137992808;
34683151;25632361;4612022471;
34683151;4612022471;1684865555;
34683151;1684865555;4612022470;
34683151;4612022470;25632364;
34683151;25632364;5284385976;
34683151;5284385976;4612022469;
34683151;4612022469;5494270820;
34683151;5494270820;5494270822;
34683151;5494270822;5284385977;
34683151;5284385977;137982073;
34772371;129548930;5291598309;
34772371;5291598309;349907649;
34772371;349907649;5291598310;
34772371;5291598310;129548929;
34772371;129548929;5291598311;
34772371;5291598311;5291598312;
34772371;5291598312;473873465;
34772371;473873465;5291598313;
34772371;5291598313;129548927;
34772371;129548927;1209790928;
34772371;1209790928;25632375;
34988345;474677934;5291538827;
34988345;5291538827;5291542298;
34988345;5291542298;4685392617;
34988345;4685392617;1788787115;
34988345;1788787115;5291538831;
34988345;5291538831;1788787039;
35111843;25632450;25632447;
35203542;1788787124;129550139;
35203817;25632368;1684844618;
35203817;1684844618;2379315789;
35203817;2379315789;2379376386;
35203817;2379376386;25632367;
35203817;25632367;2379351710;
35203817;2379351710;2379351709;
35203817;2379351709;2379279844;
35203817;2379279844;25620518;
36836258;428217533;4773391849;
36836258;4773391849;4749945328;
36836258;4749945328;428217535;
36836258;428217535;4749945327;
36836258;4749945327;1216789880;
36836258;1216789880;4749945326;
36836258;4749945326;428217536;
36836258;428217536;4737122504;
36836258;4737122504;4737122503;
36836258;4737122503;4773391847;
36836258;4773391847;428217537;
36836258;428217537;4773391848;
36836258;4773391848;4749945321;
36836258;4749945321;428217538;
36836258;428217538;4749945324;
36836258;4749945324;428217539;
36836258;428217539;4749945325;
36836258;4749945325;1216789889;
36836258;1216789889;4749945322;
36836258;4749945322;428217540;
38336627;452682212;5284368058;
38336627;5284368058;4685392186;
38336627;4685392186;5284368059;
38336627;5284368059;4685392185;
38336627;4685392185;4685392187;
38336627;4685392187;5284368060;
38336627;5284368060;2941001650;
38336627;2941001650;4685392188;
38336627;4685392188;452682218;
38336627;452682218;452682221;
38336627;452682221;2941001644;
38336627;2941001644;452682225;
38336627;452682225;452682227;
38336627;452682227;452682230;
38336627;452682230;452682234;
38336627;452682234;452682238;
38336627;452682238;452682240;
38336627;452682240;2939688592;
38336627;2939688592;2940931378;
38336627;2940931378;2940931372;
38336628;2242805402;3130311628;
38336628;3130311628;25632419;
38336628;25632419;2904549004;
38336628;2904549004;2904498647;
38336628;2904498647;129545993;
38336628;129545993;129545994;
38336628;129545994;2242804359;
38336628;2242804359;452682265;
38336628;452682265;1676280588;
38336628;1676280588;2912153175;
38336628;2912153175;1110698263;
38336628;1110698263;2912153177;
38336628;2912153177;452682249;
38336633;137992808;137994720;
38336633;137994720;137992807;
38336634;25632446;3092699110;
38336634;3092699110;5284368065;
38336634;5284368065;1110698256;
38336634;1110698256;1887601134;
38336634;1887601134;5284368066;
38336634;5284368066;25632454;
38336634;25632454;129550851;
38336634;129550851;1110698243;
38336635;1110698255;1110698259;
38336638;452682300;2912181005;
38336638;2912181005;1110698285;
38336638;1110698285;2912182796;
38336638;2912182796;1110698265;
38336639;452682304;5291598315;
38336639;5291598315;1110698254;
38336639;1110698254;5291598316;
38336639;5291598316;1110698245;
38336639;1110698245;5291598317;
38336639;5291598317;452682256;
38336641;129552046;4488733042;
38336641;4488733042;129552045;
38336641;129552045;2202026261;
38336641;2202026261;501252536;
38336641;501252536;129552044;
38336643;25632399;2975180445;
38336643;2975180445;25632398;
38336644;1788787039;4685392607;
39507992;137994655;5268162903;
39507992;5268162903;4488733039;
39507992;4488733039;4488733040;
39507992;4488733040;473240004;
39507992;473240004;4488733041;
39507992;4488733041;4488733038;
39507992;4488733038;4685354799;
39507992;4685354799;4685354798;
39507992;4685354798;473240005;
39507992;473240005;4685354797;
39507992;4685354797;4685354800;
39549792;137993129;4488733056;
39549792;4488733056;473873457;
39549792;473873457;1887601111;
39549792;1887601111;473873458;
39549792;473873458;4488733055;
39549792;4488733055;1887601117;
39549792;1887601117;473873459;
39549792;473873459;4488733054;
39549792;4488733054;1887601140;
39549792;1887601140;473873460;
39549792;473873460;4488733053;
39549792;4488733053;473873461;
39549792;473873461;473873462;
39549792;473873462;473873463;
39549792;473873463;473873464;
39549792;473873464;473873465;
39549900;128560275;473874237;
39549900;473874237;473877733;
39549900;473877733;473874239;
39549900;473874239;473874242;
39549900;473874242;2397460873;
39549900;2397460873;2397460874;
39549954;473877733;473877734;
39549954;473877734;473877735;
39549954;473877735;473877736;
39549954;473877736;473877737;
39549954;473877737;1293997461;
39549954;1293997461;1293997458;
39549954;1293997458;1293997463;
39549954;1293997463;1293997462;
39549961;473874237;473878705;
39549961;473878705;473878708;
39549973;473879871;473879878;
39549973;473879878;473880555;
39549973;473880555;473879884;
39549973;473879884;473882628;
39549973;473882628;473879887;
39549982;473880555;473882633;
39586944;474544834;3103762794;
39586944;3103762794;474544829;
39586944;474544829;474544824;
39586944;474544824;3396198845;
39586944;3396198845;474544821;
39586944;474544821;474544818;
39586944;474544818;474544816;
39586944;474544816;475073406;
39586944;475073406;3147589758;
39586944;3147589758;475073403;
39586944;475073403;5284452302;
39586944;5284452302;475352608;
39597692;474677888;343646841;
39597692;343646841;474677891;
39597692;474677891;474677896;
39597692;474677896;4749945338;
39597692;4749945338;474677899;
39597692;474677899;4749945339;
39597692;4749945339;474677900;
39597692;474677900;474677902;
39597692;474677902;474677907;
39597692;474677907;2397188712;
39631877;475049092;1417678296;
39631877;1417678296;1417675671;
39632852;475050311;5494270838;
39632852;5494270838;4612022450;
39632852;4612022450;475064049;
39632852;475064049;475064050;
39632852;475064050;475064052;
39632852;475064052;475064054;
39632852;475064054;5494270592;
39632852;5494270592;137982073;
39633008;455341194;475066897;
39633008;475066897;5284385980;
39633008;5284385980;475064049;
39633344;475073406;475073423;
39633344;475073423;2397188710;
39633344;2397188710;3148938215;
39633344;3148938215;3148938224;
39653580;1143317949;475352608;
39653923;474677911;1788787713;
39653923;1788787713;475354599;
39653923;475354599;2397188723;
39653923;2397188723;475354371;
39653923;475354371;475354682;
39653923;475354682;475354369;
39653923;475354369;475353910;
39653956;475353910;475354600;
39653956;475354600;475354599;
39653971;475354600;475354682;
39657916;475392102;475392099;
39657990;475394841;4685392619;
39657990;4685392619;4685392620;
39657990;4685392620;128560274;
39657991;475394859;475392102;
39657991;475392102;5291538861;
39657991;5291538861;4488733059;
39657991;4488733059;5291538862;
39657991;5291538862;4488733058;
39657991;4488733058;5291538863;
39657991;5291538863;4488733060;
39657991;4488733060;5291538864;
39657991;5291538864;475394871;
39657991;475394871;5291538860;
39657991;5291538860;1422610108;
39657991;1422610108;4488733061;
39657991;4488733061;4685392622;
39657991;4685392622;475394841;
39658536;475405130;3695780373;
39658536;3695780373;2937881611;
39658536;2937881611;475405131;
39658629;1684844803;475406851;
41097165;129552512;501225723;
41097165;501225723;501225720;
41097165;501225720;4488733045;
41097165;4488733045;501225717;
41097165;501225717;501225713;
41097165;501225713;501225708;
41097166;501225739;501225743;
41097166;501225743;501225746;
41097166;501225746;4685354806;
41097166;4685354806;501225749;
41097166;501225749;501225754;
41097166;501225754;129552512;
41097167;501225766;5268162907;
41097167;5268162907;1107381202;
41097167;1107381202;501225783;
41097167;501225783;4488733043;
41097168;501225800;501225803;
41097168;501225803;501225807;
41097168;501225807;501225811;
41097169;501225807;1107381202;
41097169;1107381202;1788787195;
41097170;501225889;501225920;
41097170;501225920;501225739;
41097754;501252536;501252542;
41097754;501252542;501252546;
41097754;501252546;501252551;
41097754;501252551;4488733046;
41097755;501252596;501252601;
41097755;501252601;501252606;
41097758;501252622;501252606;
41097758;501252606;501252476;
41738234;513920937;4452315932;
41738234;4452315932;513921231;
41738234;513921231;513920950;
41738234;513920950;513920936;
41738246;513921171;5268149604;
41738246;5268149604;4492375935;
41738246;4492375935;513921184;
41738246;513921184;5268149603;
41738246;5268149603;513921193;
41738246;513921193;4492375934;
41738246;4492375934;513921201;
41738246;513921201;4492375936;
41738246;4492375936;513921229;
41738246;513921229;5268149594;
41738246;5268149594;5268149591;
41738246;5268149591;513921213;
59525257;25632229;25632230;
59525257;25632230;2413971718;
59525257;2413971718;25632224;
59525260;137982795;5494270495;
59525260;5494270495;5284385982;
59525260;5284385982;5284385983;
59525260;5284385983;3446686441;
59525260;3446686441;1684865554;
59525260;1684865554;3446686443;
59525260;3446686443;25632278;
59525260;25632278;25632279;
59525260;25632279;5284385984;
59525260;5284385984;25632225;
60175223;2893310955;2893310959;
60175223;2893310959;2893310957;
60175223;2893310957;2893310958;
60175223;2893310958;2893310956;
60175223;2893310956;747467615;
60175223;747467615;1106006327;
60175223;1106006327;2378186481;
60175224;1386051845;2246088571;
60175224;2246088571;4526972150;
60175224;4526972150;2378113695;
60175224;2378113695;2378113687;
60175590;25632422;2261413157;
60175590;2261413157;475406853;
60175590;475406853;2366079052;
60175590;2366079052;25632421;
60175590;25632421;3130312340;
60175590;3130312340;958309720;
60175590;958309720;2896411050;
60175590;2896411050;1676280580;
60175590;1676280580;2904530087;
60175590;2904530087;2242805402;
60175941;2893310955;1684844825;
60175941;1684844825;3130312329;
60175941;3130312329;2896411045;
60175941;2896411045;1105966159;
60175941;1105966159;747478280;
60175941;747478280;3130311627;
60175941;3130311627;747478309;
60175941;747478309;2365191005;
60175941;2365191005;475406849;
60175941;475406849;2261413154;
60175941;2261413154;1676280555;
60175941;1676280555;286969224;
60461087;129552046;137994655;
60461087;137994655;4488733080;
60461087;4488733080;129552048;
95843585;452682270;2912153172;
95843585;2912153172;452682300;
95843585;452682300;452682286;
95843586;1110698255;5284368070;
95843586;5284368070;452682282;
112465238;1278184335;4529952474;
112465238;4529952474;4356494332;
112465238;4356494332;1278184350;
112465240;286969224;2365195081;
112465240;2365195081;3130312336;
112465240;3130312336;3130312332;
112465240;3130312332;2366079039;
112465240;2366079039;25632422;
128133836;129953504;475360049;
128133836;475360049;5494270947;
128133836;5494270947;475360047;
128133836;475360047;4612031731;
128133836;4612031731;475360045;
128133836;475360045;4612031732;
128133836;4612031732;475360043;
128133836;475360043;475360041;
128133836;475360041;475360039;
128133836;475360039;1416641674;
128133836;1416641674;475049092;
128245796;1417675671;1143317563;
128245797;1417675671;1417675672;
128246658;475064052;4612022402;
128246658;4612022402;5284385979;
128246658;5284385979;1417693657;
128246658;1417693657;4612022403;
128246658;4612022403;1417693658;
128246659;137982073;4612022404;
128246659;4612022404;1417693658;
128246660;1417693658;335561055;
128246660;335561055;129953504;
128246785;1143317563;4612022389;
128246785;4612022389;475050306;
128246785;475050306;4612022390;
128246785;4612022390;475050307;
128246785;475050307;4612022391;
128246785;4612022391;475050311;
128463453;4612022469;1419645372;
128463453;1419645372;1419645375;
128463453;1419645375;1422567181;
128463453;1422567181;1419645378;
128463454;1419645372;5445827135;
128463454;5445827135;1419645369;
128463454;1419645369;5445827132;
128463454;5445827132;5445827133;
128463454;5445827133;1419645367;
128463454;1419645367;1419645371;
128463454;1419645371;5445827136;
128463454;5445827136;5445827134;
128463454;5445827134;1419645374;
128463454;1419645374;5445827122;
128463454;5445827122;5445827121;
128463454;5445827121;1419645377;
128823189;25632228;25632229;
128823189;25632229;25632362;
128825638;2852022748;2852022754;
128825638;2852022754;2852022755;
128825638;2852022755;2852022756;
128825638;2852022756;2852022745;
128825638;2852022745;2852022761;
128825638;2852022761;2852022747;
128825638;2852022747;2852022760;
128825638;2852022760;2852022742;
128825638;2852022742;2852022762;
128825638;2852022762;2852022744;
128825638;2852022744;2852022752;
128825638;2852022752;2852022751;
128825638;2852022751;2852022758;
128825638;2852022758;2725098084;
128825638;2725098084;5284385993;
128825638;5284385993;5284385994;
128825638;5284385994;343646798;
128825638;343646798;3092699108;
128825638;3092699108;2852022749;
128825638;2852022749;2852022764;
128825638;2852022764;2852022757;
128825638;2852022757;2852022759;
128825638;2852022759;2852022743;
128825638;2852022743;345296263;
128825638;345296263;2852022748;
128825640;2852022741;3896080939;
128825640;3896080939;25632365;
128825640;25632365;2875005868;
128825641;25632366;5284385992;
128825641;5284385992;25632292;
128825641;25632292;1110698257;
128825641;1110698257;5054999102;
128825641;5054999102;25632293;
128825643;2852022750;4716543451;
128825643;4716543451;25632366;
128828529;1422610108;1422610110;
128828725;4685392593;2939568423;
128828725;2939568423;2939568411;
128828725;2939568411;2939566888;
128828725;2939566888;2939568422;
128828725;2939568422;2939568421;
128828725;2939568421;2939568408;
128828725;2939568408;2939568407;
128828725;2939568407;2939568418;
128828725;2939568418;2939566892;
128828725;2939566892;2939566889;
128828725;2939566889;2939566885;
128828725;2939566885;2939566891;
128828725;2939566891;1422611542;
156209004;475406849;2365195104;
156209004;2365195104;2365195098;
156209004;2365195098;2365186271;
156209004;2365186271;1684844803;
156209004;1684844803;2365195091;
156209004;2365195091;1684844798;
156209004;1684844798;2242805785;
156209004;2242805785;1684844785;
156209004;1684844785;286969224;
156209009;25632422;1684844771;
156209009;1684844771;2242805783;
156209009;2242805783;2366079031;
156209009;2366079031;1684844794;
156209009;1684844794;1684844797;
156209009;1684844797;2366079045;
156209009;2366079045;2366079051;
156209009;2366079051;475406853;
167487357;452682249;2912153173;
167487357;2912153173;2896727653;
167487357;2896727653;25632376;
167487379;1788787242;2250873416;
167487380;1788787223;5284452308;
167487380;5284452308;5284452303;
167487380;5284452303;1788787242;
167487388;974882854;2884965107;
167487388;2884965107;1788786281;
167487388;1788786281;1788786107;
167487388;1788786107;1788786094;
167487388;1788786094;1788786086;
167487388;1788786086;1788786097;
167487388;1788786097;1788786128;
167487388;1788786128;1788786143;
167487388;1788786143;1788786155;
167487388;1788786155;2884825975;
167487388;2884825975;1788786305;
167487388;1788786305;2884965105;
167487388;2884965105;974882842;
167487399;1788786281;3392711361;
167487399;3392711361;3392711362;
167487399;3392711362;1788786305;
167487451;1788787262;1788787319;
167487468;1788786062;1788786080;
167487490;474677919;1788787340;
167487490;1788787340;1788787287;
167487492;1788787115;5291538828;
167487492;5291538828;5291538829;
167487492;5291538829;4685392616;
167487492;4685392616;1788787104;
167487492;1788787104;5291538830;
167487492;5291538830;4685392615;
167487492;4685392615;1788787081;
167487535;1788787287;1788787262;
167487535;1788787262;1788787260;
167487535;1788787260;1788787299;
167487535;1788787299;1788787319;
167487535;1788787319;1788787340;
167487536;1788786097;1788786062;
167487536;1788786062;1788786020;
167487536;1788786020;1788786041;
167487536;1788786041;1788786080;
167487536;1788786080;1788786109;
167487536;1788786109;1788786155;
171944850;1209790928;5291598314;
171944850;5291598314;1829027319;
171944850;1829027319;1829027320;
171944850;1829027320;1829027321;
171944850;1829027321;1829027322;
171944850;1829027322;1422611556;
171944850;1422611556;4488733052;
171944850;4488733052;1422611558;
171944850;1422611558;4488733051;
171944850;4488733051;475396375;
171944850;475396375;475396373;
171944850;475396373;475396372;
174689855;452682282;1110698283;
174689855;1110698283;1110698277;
174689855;1110698277;5284368069;
174689855;5284368069;1110698265;
174689856;1110698267;3694908966;
174689856;3694908966;25632445;
174689856;25632445;25632414;
178413104;1887601114;1887601133;
178413108;1110698267;25632446;
198514517;2086430194;2086430189;
198514517;2086430189;2086430192;
206720845;2204099938;4356494329;
206720845;4356494329;4356494327;
206720845;4356494327;25632400;
206720845;25632400;25632401;
206720845;25632401;2464461320;
206720845;2464461320;3392939480;
206720845;3392939480;2904530067;
206720845;2904530067;1676280584;
206720845;1676280584;1788785841;
206720845;1788785841;25632419;
207724051;25632416;4356495991;
207724051;4356495991;3694660030;
207724051;3694660030;475405136;
207724051;475405136;25632399;
207724055;25632399;4529952466;
207724055;4529952466;25632400;
207724065;25632414;3694747849;
207724065;3694747849;4356495992;
207724065;4356495992;2204100015;
208580373;25632416;2939688589;
208580373;2939688589;2912188495;
210328137;2204100015;4356495993;
210328137;4356495993;2940944687;
210669782;4685392598;1110698255;
210669783;452682297;2912153176;
210669783;2912153176;452682270;
210670986;129549662;5291538837;
210670986;5291538837;5291538835;
210670986;5291538835;5291538836;
210670986;5291538836;5291538838;
210670986;5291538838;475394859;
210670987;1788787124;25632375;
210670988;137994583;5291538858;
210670988;5291538858;5291538857;
210670988;5291538857;5291538856;
210670988;5291538856;5291538850;
210670988;5291538850;5291538839;
210670988;5291538839;475394859;
210670990;128560274;5291538824;
210670990;5291538824;5291538825;
210670990;5291538825;128560275;
210673563;1110698265;4685392596;
210673563;4685392596;4685392593;
210673563;4685392593;452682212;
210673563;452682212;5284368061;
210673563;5284368061;4685392590;
210673563;4685392590;5284368067;
210673563;5284368067;3092699113;
210673563;3092699113;2940944907;
210673563;2940944907;1110698261;
210673563;1110698261;5284368064;
210673563;5284368064;1110698267;
210841125;2204100015;4356495990;
210841125;4356495990;2940931372;
210841125;2940931372;25632416;
211342284;1788787061;4685392614;
211342284;4685392614;4685392613;
211342284;4685392613;1788787075;
211342284;1788787075;4685392612;
211342284;4685392612;1788787039;
211342286;1788787056;5291538833;
211342286;5291538833;5291538832;
211342286;5291538832;5291538834;
211342286;5291538834;5284368076;
215611423;2250873416;5284452304;
215611423;5284452304;5284452305;
215611423;5284452305;5284452306;
215611423;5284452306;2250873409;
215611423;2250873409;5284452307;
215611423;5284452307;2250873413;
215611423;2250873413;2250873401;
215611423;2250873401;25632284;
216972581;286969224;2245786953;
216972581;2245786953;2245786974;
216972581;2245786974;3130311626;
216972581;3130311626;25620743;
216972581;25620743;2245786941;
216972581;2245786941;3130312343;
216972581;3130312343;2245520814;
219536349;2086430192;2086430191;
219536349;2086430191;2086430190;
219536349;2086430190;2086430193;
219536349;2086430193;2086430192;
219536350;2086430194;452682258;
219536350;452682258;5291598318;
219536350;5291598318;452682261;
219536350;452682261;1788787124;
220233689;452682286;452682274;
220233689;452682274;452682277;
220233689;452682277;452682253;
220233689;452682253;452682256;
220233689;452682256;2086430194;
220233692;1110698243;5284368068;
220233692;5284368068;452682282;
227888232;1684844811;2365172868;
227888232;2365172868;2365191003;
227888232;2365191003;2365191001;
227888232;2365191001;2365191010;
227888232;2365191010;2365191005;
227888233;1684844816;2365172845;
227888233;2365172845;2365191012;
227888233;2365191012;2365191010;
227888233;2365191010;475406849;
227888235;2364998422;2365172845;
227888628;1684844785;2365195087;
227888628;2365195087;2365195102;
227888628;2365195102;2365195081;
227888748;475406851;2365195083;
227888748;2365195083;2365195106;
227888748;2365195106;1684844808;
227888748;1684844808;475406852;
227888748;475406852;2365195094;
227888748;2365195094;1684844801;
227888748;1684844801;2365195076;
227888749;2365195076;1684844797;
227932388;2365622750;2365622831;
227932388;2365622831;2365622781;
227932388;2365622781;2365622818;
227932388;2365622818;2365622834;
227932388;2365622834;2365622739;
227932388;2365622739;2365622614;
227932388;2365622614;2365622638;
227932388;2365622638;2365622809;
227932391;2365622860;2365622854;
227932391;2365622854;2365622846;
227932391;2365622846;2365622719;
227932391;2365622719;2365622607;
227932391;2365622607;2365622672;
227932391;2365622672;2365622793;
227932394;2365622809;2365622764;
227932394;2365622764;2365622756;
227932394;2365622756;2365622802;
227932394;2365622802;2365622826;
227932394;2365622826;2365622790;
227932394;2365622790;2365622708;
227932399;2365622809;2365622770;
227932399;2365622770;2365622840;
227932399;2365622840;2365622849;
227932399;2365622849;2365622716;
227932399;2365622716;2365622784;
227932399;2365622784;2365622678;
227932399;2365622678;2365622629;
227932399;2365622629;2365622626;
227932399;2365622626;2365622712;
227932399;2365622712;2365622860;
227980132;2366079039;2366079032;
227980132;2366079032;2366079049;
227980132;2366079049;2366079047;
227980132;2366079047;1684844771;
227982906;25632402;2366083036;
227982906;2366083036;3392939472;
227982906;3392939472;2375816260;
227982906;2375816260;2366083037;
227982906;2366083037;3392939473;
227982906;3392939473;3392939476;
227982906;3392939476;3392939478;
227982906;3392939478;2242805402;
227991568;2366154016;2366154008;
227991568;2366154008;2366154010;
227991568;2366154010;2366154017;
227991568;2366154017;2366154009;
227991568;2366154009;2366154037;
228569801;129548930;5291598308;
228569801;5291598308;3897692232;
228569801;3897692232;349907698;
228569801;349907698;137994583;
228926087;3387597853;2375767339;
228926087;2375767339;3392939464;
228926087;3392939464;2926953947;
228926088;2926953948;3392939465;
228926088;3392939465;2375767346;
228926088;2375767346;2375767345;
229184974;2378113687;747467619;
229194693;2378186481;2875262080;
229194693;2875262080;747467619;
229194693;747467619;2875262073;
229194693;2875262073;747467609;
231325189;2397188712;3140319385;
231325191;475354599;5284452312;
231325191;5284452312;2397188726;
231325191;2397188726;2397188718;
231325191;2397188718;2397188719;
231325191;2397188719;5284452310;
231325193;2397188723;2397188706;
231325193;2397188706;5284452311;
231325193;5284452311;2397188707;
231325193;2397188707;2397188727;
231325193;2397188727;2397188717;
233057240;2413971718;2413971728;
233057240;2413971728;2413971706;
233057240;2413971706;3392711347;
233057240;3392711347;2413971719;
233057240;2413971719;3392711344;
233057240;3392711344;2413971717;
252518836;25632361;5284385985;
252518836;5284385985;25632279;
252526950;25632449;5268178124;
252526950;5268178124;25632425;
252526950;25632425;2829209600;
252526950;2829209600;25632413;
252526950;25632413;5268178125;
252526950;5268178125;4488753661;
252526950;4488753661;4356494326;
252526950;4356494326;25632411;
252526951;25632411;3690516791;
252526951;3690516791;25632412;
252526951;25632412;3697722647;
252526951;3697722647;3698158383;
252526951;3698158383;3698101866;
252526951;3698101866;4529953494;
252526951;4529953494;129553875;
252526951;129553875;4529953499;
252526951;4529953499;2352571062;
252526951;2352571062;2352569141;
252526951;2352569141;4529953529;
252526951;4529953529;129554083;
252526952;25632411;4356494323;
252526952;4356494323;4356494330;
252526952;4356494330;25632424;
252526952;25632424;4356494334;
252526952;4356494334;25632423;
252526954;25632447;25632446;
252526955;25632423;5279422235;
252526955;5279422235;5279422234;
252526955;5279422234;25632428;
252526955;25632428;3566326292;
252526955;3566326292;2269685583;
252526955;2269685583;25632429;
252527740;25632423;25632426;
252527740;25632426;411909880;
252527740;411909880;4077112087;
252527740;4077112087;25632463;
267026311;343646798;3392711355;
267026311;3392711355;3392711354;
267026311;3392711354;2849912284;
269856842;2749809974;2749809975;
269856842;2749809975;2749809976;
269856842;2749809976;2749809977;
269856842;2749809977;2749809978;
269856842;2749809978;2749809981;
269856842;2749809981;2749809979;
269856842;2749809979;2749809980;
274467054;25632424;4356494320;
274467054;4356494320;3688675380;
274467054;3688675380;3688675387;
274467054;3688675387;3688675383;
274467054;3688675383;3688675382;
274467054;3688675382;4356494333;
274467054;4356494333;25632433;
278570711;2829209600;2829209701;
278570718;2829209747;3392939468;
278570718;3392939468;3392939469;
278570718;3392939469;2976736379;
278570718;2976736379;2829209748;
280782604;2848303622;2848303616;
280782604;2848303616;2848303615;
280786930;2848371499;2848372017;
280786930;2848372017;2848372034;
280786930;2848372034;2848372007;
280949034;2849744862;2849744849;
280966568;2725095084;2725095085;
280966568;2725095085;2849912276;
280966568;2849912276;2849912295;
280966568;2849912295;2849912279;
280966568;2849912279;2725095086;
280966568;2725095086;2725095087;
280966568;2725095087;2849912282;
280966568;2849912282;2849912277;
280966568;2849912277;2849912300;
280966568;2849912300;2725095088;
280966568;2725095088;2725095089;
280966568;2725095089;2725095084;
280966569;2725095084;2849912289;
280966569;2849912289;2849915301;
280966569;2849915301;2849915312;
280966569;2849915312;2849912284;
280966571;2849912284;2849912283;
280966571;2849912283;2849912287;
280966571;2849912287;2849912288;
280966571;2849912288;2725095088;
281224991;2852022760;2852022753;
281224991;2852022753;2852022746;
281224991;2852022746;2852022763;
281224991;2852022763;2852022750;
284770886;2725098084;2884777667;
284770886;2884777667;3392711356;
284770886;3392711356;2884777675;
284770886;2884777675;2884777660;
284770886;2884777660;2884777656;
284770886;2884777656;2884777664;
284770886;2884777664;2884777680;
284770886;2884777680;2884777654;
284770886;2884777654;2884777678;
284770886;2884777678;2884777653;
284770887;2884777653;2884777666;
284770887;2884777666;2884777684;
284770887;2884777684;2884777647;
284770887;2884777647;2884777673;
284770887;2884777673;2884777671;
284770887;2884777671;2884777681;
284770887;2884777681;2884777661;
284770887;2884777661;2884777651;
284770887;2884777651;2884777676;
284770887;2884777676;2884777662;
284770887;2884777662;2884777653;
284775782;2884825976;2884825983;
284775782;2884825983;2884825978;
284775782;2884825978;2884825989;
284775782;2884825989;2884825971;
284775782;2884825971;2884825979;
284775782;2884825979;2884825987;
284775782;2884825987;2884825970;
284775782;2884825970;2884825964;
284775782;2884825964;3392711359;
284775782;3392711359;2884825975;
284775785;2884825977;2884825976;
284775786;2725098084;3392711357;
284775786;3392711357;2884777646;
284775786;2884777646;2884825977;
284777297;2884840235;2884840234;
286004317;2896384668;3392711352;
286004317;3392711352;2896384667;
286004375;2896384685;3392711353;
286004375;3392711353;2896384686;
286005192;2896394650;3392711363;
286005192;3392711363;2896394657;
286006222;2896411045;3387597859;
286006222;3387597859;2896411046;
286006222;2896411046;2896411051;
286006222;2896411051;2896411049;
286006222;2896411049;2896411047;
286006222;2896411047;2896407785;
286006222;2896407785;2896411050;
286754358;2464461320;3392939481;
286754358;3392939481;3392939483;
286754358;3392939483;2904248189;
286754358;2904248189;2904248183;
286754358;2904248183;2904248196;
286754358;2904248196;2904250603;
286754358;2904250603;2904248177;
286754358;2904248177;2904248195;
286754358;2904248195;2904248190;
286754358;2904248190;2904250601;
286754358;2904250601;2904248179;
286754358;2904248179;2904248180;
286754358;2904248180;2904248187;
286754361;2464461320;3392939482;
286754361;3392939482;3392939484;
286754361;3392939484;2904248192;
286754361;2904248192;2904250602;
286754361;2904250602;2904248181;
286754361;2904248181;2904248185;
286754361;2904248185;2904248178;
286754361;2904248178;2904248177;
286779044;2904498649;3392939488;
286779044;3392939488;3392939490;
286779044;3392939490;2904498647;
286782663;2904549008;3392939489;
286782663;3392939489;2904549010;
286782664;2904549004;2904549006;
286782664;2904549006;2904549005;
286782664;2904549005;3392939491;
286782664;3392939491;2904549009;
286782664;2904549009;2904549007;
287648368;2912181005;2912181002;
287648368;2912181002;2912181007;
287648368;2912181007;2912181001;
287648368;2912181001;2912181006;
287648368;2912181006;3392939998;
287648368;3392939998;2912181003;
287648784;2912182800;3392939997;
287648784;3392939997;2912182795;
287648784;2912182795;2912182799;
287648784;2912182799;2912182798;
287648784;2912182798;2912182797;
287648784;2912182797;2912182796;
287648900;452682249;452682270;
287906089;2914696271;3392711360;
287906089;3392711360;2914696276;
287906089;2914696276;2914696273;
287906089;2914696273;2914696272;
287933160;2914925354;3391599123;
287933160;3391599123;2914925366;
287933164;2914925360;2914925365;
287933164;2914925365;2914925354;
287933167;2914925362;2914925360;
288961296;2925076574;2925076569;
288961296;2925076569;2925076588;
288961296;2925076588;2925076575;
288961296;2925076575;2925076608;
288961296;2925076608;2925076564;
288961296;2925076564;2925076566;
288961296;2925076566;2925076587;
290230302;2937881613;2937881611;
290230303;2937881612;2937881613;
290230304;475405136;2937881612;
290446564;2939688592;2939688599;
290446564;2939688599;2939690202;
290446564;2939690202;2939688595;
290446567;2939690205;2939688594;
290446567;2939688594;2939688597;
290446567;2939688597;2939688600;
290446567;2939688600;2939688593;
290580546;2940944687;2940944679;
290580546;2940944679;2940944695;
290580548;2940944679;2940944686;
290580549;2940944686;2940944903;
290580549;2940944903;2940944907;
290586123;2939688593;2939688591;
290586123;2939688591;3392939993;
290586123;3392939993;2939688589;
290586125;2939688595;2939688596;
290586125;2939688596;2939690204;
290586125;2939690204;2939688590;
290586125;2939688590;2939690201;
290586125;2939690201;2939688593;
294240864;2978059161;3392939467;
294240864;3392939467;2978059158;
294240865;2978059162;3392939466;
294240865;3392939466;2978059160;
304688481;25632454;5284368057;
304688481;5284368057;3092699099;
304688481;3092699099;4685392590;
304688481;4685392590;5284368063;
304688481;5284368063;3092699111;
304688481;3092699111;4685392589;
304688481;4685392589;2940956814;
304688481;2940956814;5284368062;
304688481;5284368062;452682218;
304688482;2940944695;3092699113;
304688482;3092699113;1887601134;
308766174;3140319385;2397188714;
308766174;2397188714;2397188709;
308766174;2397188709;5284452309;
308766174;5284452309;2397188722;
308766174;2397188722;2397188716;
308766174;2397188716;2397188730;
308766174;2397188730;2397188731;
308766174;2397188731;2397188728;
308766174;2397188728;5284452310;
308766174;5284452310;2397188717;
308766174;2397188717;2397188708;
308766174;2397188708;2397188721;
308766174;2397188721;2397188720;
308769686;474544816;3140361000;
308769686;3140361000;3140361001;
308769686;3140361001;3152670753;
308769686;3152670753;3140361002;
308769686;3140361002;3140361003;
309425930;3147589758;3147589762;
309425930;3147589762;3147589759;
309425930;3147589759;3147589760;
309425930;3147589760;3147589761;
309425930;3147589761;3147589762;
309548445;3148917487;3148917491;
309548445;3148917491;3148917488;
309548445;3148917488;3148917489;
309548445;3148917489;3148917490;
309550975;3148938210;3148938214;
309550975;3148938214;3148938211;
309550975;3148938211;3148938212;
309550975;3148938212;3148938213;
309550975;3148938213;3148938222;
309550976;3148938224;475073428;
309550976;475073428;3148938216;
309550976;3148938216;3148938217;
309550976;3148938217;3148938218;
309550976;3148938218;3148938219;
309550976;3148938219;5284452313;
309550976;5284452313;5284452314;
309550976;5284452314;3148938220;
309550976;3148938220;3148938221;
309550976;3148938221;3148938222;
309550976;3148938222;3148938223;
309550976;3148938223;475073428;
309850502;3396198845;3151894353;
309850502;3151894353;3151894354;
309850504;3151894358;3151894360;
309850504;3151894360;3151894359;
309850505;3151894360;3151895461;
309850506;474544824;3151895462;
309850506;3151895462;3151895463;
309850506;3151895463;3151895464;
309850506;3151895464;3151895465;
309850506;3151895465;3151895466;
309945301;474541524;3152793551;
309945301;3152793551;3152794979;
309945301;3152794979;3152793555;
309945301;3152793555;3152794980;
309945301;3152794980;3152794981;
309945301;3152794981;3152794982;
309983298;3153341344;3153341345;
309983298;3153341345;3396198846;
309983298;3396198846;3153341346;
309983298;3153341346;3153341347;
309983298;3153341347;3153341348;
309983298;3153341348;3153342963;
309983298;3153342963;3153342968;
309983298;3153342968;3153342965;
309983298;3153342965;3153341349;
309983298;3153341349;3153341350;
309983298;3153341350;3153341351;
309983298;3153341351;3153341352;
309983298;3153341352;3153341353;
309983298;3153341353;3153341354;
309983298;3153341354;3153341355;
309983298;3153341355;3153341356;
309983298;3153341356;3153341357;
309983298;3153341357;3153341358;
309983298;3153341358;3153341359;
309983298;3153341359;3153341360;
309983299;3153342961;3153342962;
309983299;3153342962;3153341347;
309983300;3153342963;3153342964;
309983301;3153342965;3153342966;
318745009;475352608;5284452301;
318745009;5284452301;5284452300;
318745009;5284452300;475352085;
318745009;475352085;5284452299;
318745009;5284452299;475352084;
318745009;475352084;1788787242;
332154462;3392711362;2884947141;
332179488;3392939470;3392939471;
332179488;3392939471;2365622750;
332479933;3396198846;3153361319;
337598659;3446686441;3446686442;
337598660;3446686442;3446686443;
337598661;3446686442;3446686446;
337598661;3446686446;3446686444;
337598661;3446686444;3446686445;
337598663;3446686446;3446686447;
350915445;25632427;25632426;
350915445;25632426;25632425;
364828782;3688675382;3688675381;
364828783;3688675380;3688675386;
364828783;3688675386;3688675384;
364828783;3688675384;3688669542;
364828784;3688665649;3688675383;
364828785;3688669531;3688675385;
364828785;3688675385;3688675379;
364828785;3688675379;3688675387;
365010794;3688362333;3690516791;
365020864;3690626633;3690626645;
365020865;3690626632;3690626633;
365020866;3690626632;3690626634;
365020866;3690626634;3690626626;
365020866;3690626626;3690626631;
365020866;3690626631;3690626641;
365020866;3690626641;3690626637;
365020866;3690626637;3690626628;
365020866;3690626628;3690626629;
365020866;3690626629;3690626644;
365020866;3690626644;3690624524;
365020866;3690624524;3690626643;
365020866;3690626643;3690626640;
365020866;3690626640;3690626642;
365020866;3690626642;3690626627;
365020866;3690626627;3690626639;
365020866;3690626639;3690624523;
365020866;3690624523;3690626630;
365020866;3690626630;3690626626;
365020867;3690626634;3690626646;
365020867;3690626646;3690626638;
365020867;3690626638;3690626625;
365020867;3690626625;3690626635;
365020867;3690626635;3690626636;
365021648;3690631033;3690631035;
365436693;3694518901;5476716960;
365436693;5476716960;3694518900;
365452182;3695777926;3694660029;
365461932;3694747850;3694747849;
365578411;3695777925;3695776123;
365578412;3694660029;3694660030;
365578413;3695777925;3695776124;
365578414;3695776124;3695777927;
365578951;3695780374;3695780372;
365578951;3695780372;3695780373;
365609533;3696119699;3696119700;
365609533;3696119700;3696119703;
365609534;3696119703;3696119701;
385795773;25632409;3996636592;
385795773;3996636592;5327096257;
385795773;5327096257;2375798737;
385795773;2375798737;129553665;
386286205;3896080933;3896080931;
386286206;2875005868;3896080933;
386286206;3896080933;2875151185;
386440344;3897692178;3897692185;
386440344;3897692185;475352608;
405520660;4077112087;5310412083;
405520660;5310412083;4077112090;
405520660;4077112090;5310412081;
405520660;5310412081;4077112092;
405520660;4077112092;5310412082;
405520660;5310412082;4077112088;
424745508;4488733076;4488733075;
424745508;4488733075;4241285267;
424745508;4241285267;4241285268;
434872537;129953504;455341194;
434872537;455341194;1417675671;
434872538;452682289;452682297;
434872539;25632375;452682304;
434872539;452682304;452682268;
434872539;452682268;5284368071;
434872539;5284368071;452682289;
434872540;1110698243;1110698272;
434872540;1110698272;452682285;
434872540;452682285;452682286;
434872540;452682286;452682289;
434872540;452682289;452682292;
434872540;452682292;1110698259;
434872540;1110698259;1110698250;
434872540;1110698250;4708512454;
434872540;4708512454;1110698278;
434872540;1110698278;4708512452;
434872540;4708512452;4708512440;
434872541;25632375;5284368076;
434878400;1278184335;4356494336;
434878400;4356494336;2204099938;
434878401;2204099938;4529952469;
434878401;4529952469;3696119701;
434878401;3696119701;25632398;
434878401;25632398;3690631035;
434878401;3690631035;4356494335;
434878401;4356494335;2204100015;
434879924;129953505;5284452298;
434879924;5284452298;335561064;
434879924;335561064;3897692092;
434879924;3897692092;137982795;
434879926;2352603829;2367470972;
434879926;2367470972;4356494331;
434879926;4356494331;2204099938;
434882601;126604789;475360028;
434882601;475360028;475360031;
434882601;475360031;475360033;
434882601;475360033;475360035;
434882601;475360035;137981937;
434882601;137981937;475360037;
434882601;475360037;1252543215;
434882601;1252543215;475360038;
434882601;475360038;1416641676;
434882601;1416641676;475049092;
452072992;4488733043;4488733044;
452072993;4488733043;501225787;
452072994;4488733046;501252596;
452072994;501252596;501252500;
452072998;4488733049;4488733050;
452073000;501252472;1110691349;
452073000;1110691349;4685354805;
452073000;4685354805;4685354804;
452073000;4685354804;501252476;
452073000;501252476;4488733049;
452073000;4488733049;4685354803;
452073000;4685354803;501252495;
452073000;501252495;501252500;
452073000;501252500;129552044;
452073003;129552044;129550139;
452073003;129550139;4488733063;
452073003;4488733063;5291542299;
452073003;5291542299;4488733064;
452073003;4488733064;129550745;
452073003;129550745;4488733065;
452073003;4488733065;129550744;
452073003;129550744;501225708;
452073003;501225708;4488733066;
452073003;4488733066;129550851;
452073004;129552044;501225800;
452073004;501225800;501225766;
452073004;501225766;1887601114;
452073004;1887601114;5268162906;
452073004;5268162906;129552512;
452073007;501225739;1110690935;
452073007;1110690935;25632450;
452076898;137994583;5291538853;
452076898;5291538853;5291538852;
452076898;5291538852;5291538851;
452076898;5291538851;5291538854;
452076898;5291538854;5291538848;
452076898;5291538848;129548927;
452076898;129548927;137992808;
452076898;137992808;137994581;
452076898;137994581;129552046;
452076977;475392099;4488775694;
452076978;4488775694;4488775697;
452076978;4488775697;4488775695;
452076978;4488775695;4488775696;
452076978;4488775696;5494270498;
452076978;5494270498;4762419638;
452441993;1043000761;1043000754;
453762039;25632463;4241285268;
453762039;4241285268;5268154586;
453762039;5268154586;138197779;
453762039;138197779;513921171;
453762039;513921171;513920936;
453762039;513920936;126617354;
453762039;126617354;402007436;
453762039;402007436;411842220;
453762039;411842220;122452414;
466401601;4612022408;4612022409;
466401605;4612022450;4612022451;
466401605;4612022451;4612022454;
466401605;4612022454;4612022452;
466401605;4612022452;4612022453;
466401606;4612022454;4612022455;
466401606;4612022455;4612022456;
466401606;4612022456;4612022457;
466401606;4612022457;4612022458;
466401606;4612022458;4612022459;
466401606;4612022459;4612022460;
466401606;4612022460;4612022461;
466401606;4612022461;4612022462;
466401606;4612022462;4612022463;
466401606;4612022463;4612022464;
466401606;4612022464;4612022465;
466401606;4612022465;4612022452;
480741635;4737123053;4737122505;
482122894;2397188712;474677911;
482122894;474677911;474677914;
482122894;474677914;474677917;
482122894;474677917;2397184730;
482122894;2397184730;474677919;
482122894;474677919;474677934;
483497792;4762419635;4762419636;
483497793;4762419637;4762419638;
483497794;4762419636;4762419637;
498298756;25632293;4685392602;
498298756;4685392602;1110698289;
498298756;1110698289;4685392604;
498298756;4685392604;4685392601;
498298756;4685392601;4685392603;
498298756;4685392603;1110698281;
498298756;1110698281;1110698269;
498298756;1110698269;5054992986;
498298756;5054992986;25620653;
498298757;4708512446;4708512443;
498298757;4708512443;4708512447;
498298757;4708512447;5284368074;
498298757;5284368074;4762419635;
498298757;4762419635;1788787061;
498298757;1788787061;4708512448;
498298757;4708512448;4685392610;
498298757;4685392610;1788787052;
498298757;1788787052;4685392609;
498298757;4685392609;5284369690;
498298757;5284369690;5284369689;
498298757;5284369689;5284369692;
498298757;5284369692;4685392608;
498298757;4685392608;5284369691;
498298757;5284369691;4685392607;
498298757;4685392607;5284368093;
498298757;5284368093;25632285;
498298757;25632285;4685392606;
498298757;4685392606;1110698264;
498298757;1110698264;5284368118;
498298757;5284368118;4685392605;
498298757;4685392605;25632293;
507815972;4972459687;4972459686;
546873589;5284385985;5284385986;
546873589;5284385986;5284385987;
546873589;5284385987;5284385988;
546873589;5284385988;5284385989;
546873589;5284385989;5284385990;
547650633;1422610102;475392099;
547650633;475392099;129549662;
547650634;129549662;5291538840;
547650634;5291538840;5291538841;
547650634;5291538841;5291538859;
547650634;5291538859;5291538842;
547650634;5291538842;5291538849;
547650634;5291538849;5291538843;
547650634;5291538843;5291538844;
547650634;5291538844;5291538845;
547650634;5291538845;5291538846;
547650634;5291538846;5291538847;
547650634;5291538847;5291538855;
547650634;5291538855;5291538848;
571754735;5494270821;5494270820;
571754736;5494270825;5494270824;
571754736;5494270824;5494270823;
571754736;5494270823;5494270822;
571754737;5494270827;5494270826;
571754738;5494270829;5494270828;
571754739;5494270838;5494270837;
571754739;5494270837;5494270836;
571754739;5494270836;5494270835;
571754739;5494270835;5494270834;
571754739;5494270834;5494270827;
571754739;5494270827;5494270829;
571754739;5494270829;5494270833;
571754739;5494270833;5494270832;
571754739;5494270832;5494270831;
571754739;5494270831;5494270830;
571754740;5494270842;5494270841;
571754740;5494270841;5494270840;
571754740;5494270840;5494270839;
571754741;5494270842;4612022408;
571754741;4612022408;475052386;